local Library = loadstring(game:HttpGet("https://raw.githubusercontent.com/xHeptc/Kavo-UI-Library/main/source.lua"))()
local Window = Library.CreateLib("V5 HUB", "Ocean")
-- themes LightTheme, DarkTheme, Grape Theme, Blood Theme, Midnight, Sentinel, Synapse

-- MAIN
local BlackMarket = Window:NewTab("BlackMarket")
local BlackMarketExchange = BlackMarket:NewSection("Exchange Btc")

BlackMarketExchange:NewButton("Exchange Btc", "Exchange BTC from anywere", function()
    local ohBoolean1 = true

game:GetService("ReplicatedStorage").Events.ExchangeMoney:FireServer(ohBoolean1)
end)


local BlackMarketExchange = BlackMarket:NewSection("Mine Devices")

BlackMarketExchange:NewButton("Mining Device", "Buy V1 mining device for 2.5K", function()

local ohString1 = "Mining Device"
local ohInstance2 = workspace.Shops.Region_shop.Shows["5"]
local ohNumber3 = 1

game:GetService("ReplicatedStorage").Events.BuyCard:FireServer(ohString1, ohInstance2,ohNumber3)
end)

BlackMarketExchange:NewButton("Mining Device V2", "Buy V2 mining device for 10K", function()

local ohString1 = "Mining Device V2"
local ohInstance2 = workspace.Shops.Region_shop.Shows["6"]
local ohNumber3 = 1

game:GetService("ReplicatedStorage").Events.BuyCard:FireServer(ohString1, ohInstance2, ohNumber3)
end)

BlackMarketExchange:NewButton("Silver Card", "Buy Silver Card for 40K", function()

local ohString1 = "Silver Card"
local ohInstance2 = workspace.Shops.Region_shop.Shows["7"]
local ohNumber3 = 1

game:GetService("ReplicatedStorage").Events.BuyCard:FireServer(ohString1, ohInstance2, ohNumber3)
end)

BlackMarketExchange:NewButton("Diamond Card", "Buy Diamond Card for 100K", function()

local ohString1 = "Diamond Card"
local ohInstance2 = workspace.Shops.Region_shop.Shows["8"]
local ohNumber3 = 1

game:GetService("ReplicatedStorage").Events.BuyCard:FireServer(ohString1, ohInstance2, ohNumber3)
end)

BlackMarketExchange:NewButton("GeProce PTX 970", "Buy GeProce PTX 970 For 500K", function()

local ohString1 = "GeProce PTX 970"
local ohInstance2 = workspace.Shops.Region_shop.Shows["9"]
local ohNumber3 = 1

game:GetService("ReplicatedStorage").Events.BuyCard:FireServer(ohString1, ohInstance2, ohNumber3)
end)

BlackMarketExchange:NewButton("GeProce PTX 1050", "Buy GeProce PTX 1050 for 2M", function()

local ohString1 = "GeProce PTX 1050"
local ohInstance2 = workspace.Shops.Region_shop.Shows["10"]
local ohNumber3 = 1

game:GetService("ReplicatedStorage").Events.BuyCard:FireServer(ohString1, ohInstance2, ohNumber3)
end)

BlackMarketExchange:NewButton("GeProce PTX 1080", "Buy GeProce PTX 1080 for 5M", function()

local ohString1 = "GeProce PTX 1080"
local ohInstance2 = workspace.Shops.Region_shop.Shows["11"]
local ohNumber3 = 1

game:GetService("ReplicatedStorage").Events.BuyCard:FireServer(ohString1, ohInstance2, ohNumber3)
end)

BlackMarketExchange:NewButton("GeProce RTX 2000", "Buy GeProce HTX 2000 for 12M", function()

local ohString1 = "GeProceHTX 2000"
local ohInstance2 = workspace.Shops.Region_shop.Shows["12"]
local ohNumber3 = 1

game:GetService("ReplicatedStorage").Events.BuyCard:FireServer(ohString1, ohInstance2, ohNumber3)
end)

BlackMarketExchange:NewButton("Radon 6000", "Buy Radon 6000 for 50M", function()

local ohString1 = "Radon 6000"
local ohInstance2 = workspace.Shops.Region_shop.Shows["13"]
local ohNumber3 = 1

game:GetService("ReplicatedStorage").Events.BuyCard:FireServer(ohString1, ohInstance2, ohNumber3)
end)

BlackMarketExchange:NewButton("GeProce HTX 3000", "Buy GeProce HTX 3000 for 275M", function()

local ohString1 = "GeProceHTX 3000"
local ohInstance2 = workspace.Shops.Region_shop.Shows["14"]
local ohNumber3 = 1

game:GetService("ReplicatedStorage").Events.BuyCard:FireServer(ohString1, ohInstance2, ohNumber3)
end)

-- Lvl4
local Lvl25 = Window:NewTab("Lvl 25 GPUS")
local BlackMarketExchange = Lvl25:NewSection("DanTs shop")

BlackMarketExchange:NewButton("Dant Open 130", "Buy Dant Open 130 for 40M", function()

local ohString1 = "Dant Open 130"
local ohInstance2 = workspace.Shops.Region_DanT.Shows["1"]
local ohNumber3 = 1

game:GetService("ReplicatedStorage").Events.BuyCard:FireServer(ohString1, ohInstance2, ohNumber3)
end)

BlackMarketExchange:NewButton("Dant Card 200", "Buy Dant Card 200 for 65M", function()

local ohString1 = "Dant Card 200"
local ohInstance2 = workspace.Shops.Region_DanT.Shows["2"]
local ohNumber3 = 1

game:GetService("ReplicatedStorage").Events.BuyCard:FireServer(ohString1, ohInstance2, ohNumber3)
end)

BlackMarketExchange:NewButton("Dant Card 500", "Buy Dant Card 500 for 125M", function()

local ohString1 = "Dant Card 500"
local ohInstance2 = workspace.Shops.Region_DanT.Shows["3"]
local ohNumber3 = 1

game:GetService("ReplicatedStorage").Events.BuyCard:FireServer(ohString1, ohInstance2, ohNumber3)
end)

BlackMarketExchange:NewButton("Dant Open 250", "Buy Dant Open 250 for 350M", function()

local ohString1 = "Dant Open 250"
local ohInstance2 = workspace.Shops.Region_DanT.Shows["4"]
local ohNumber3 = 1

game:GetService("ReplicatedStorage").Events.BuyCard:FireServer(ohString1, ohInstance2, ohNumber3)
end)

BlackMarketExchange:NewButton("Dant Card 600", "Buy Dant Card 600 for 1.5B", function()

local ohString1 = "Dant Card 600"
local ohInstance2 = workspace.Shops.Region_DanT.Shows["5"]
local ohNumber3 = 1

game:GetService("ReplicatedStorage").Events.BuyCard:FireServer(ohString1, ohInstance2, ohNumber3)
end)

BlackMarketExchange:NewButton("Dant Ov 130 [Lvl 1]", "Buy Dant Ov 130 [Lvl 1] for 45M", function()

local ohString1 = "Dant Ov 130 [Lvl 1]"
local ohInstance2 = workspace.Shops.Region_DanT.Shows["6"]
local ohNumber3 = 1

game:GetService("ReplicatedStorage").Events.BuyCard:FireServer(ohString1, ohInstance2, ohNumber3)
end)

BlackMarketExchange:NewButton("Dant Overclocking", "Buy Dant Overclocking Station for 150M", function()

local ohString1 = "Dant Overclocking Station"
local ohInstance2 = workspace.Shops.Region_DanT.Shows["7"]
local ohNumber3 = 1

game:GetService("ReplicatedStorage").Events.BuyCard:FireServer(ohString1, ohInstance2, ohNumber3)
end)

BlackMarketExchange:NewButton("CoreDezintegrator", "Buy CoreDezintegrator for 20B", function()

local ohString1 = "CoreDezintegrator"
local ohInstance2 = workspace.Shops.Region_DanT.Shows["8"]
local ohNumber3 = 1

game:GetService("ReplicatedStorage").Events.BuyCard:FireServer(ohString1, ohInstance2, ohNumber3)
end)

BlackMarketExchange:NewButton("Dant Open 500", "Buy Dant Open 500 for 1B", function()

local ohString1 = "Dant Open 500"
local ohInstance2 = workspace.Shops.Region_DanT.Shows["9"]
local ohNumber3 = 1

game:GetService("ReplicatedStorage").Events.BuyCard:FireServer(ohString1, ohInstance2, ohNumber3)
end)


local Player = Window:NewTab("Player")
local BlackMarketExchange = Player:NewSection("Speed Modifier")

BlackMarketExchange:NewButton("Speed Modifier V1", "You can disable the speed Modifier V1 in the bottom left", function()
    
    sethiddenproperty(game.Players.LocalPlayer.Character.Humanoid, "WalkSpeed", 50)
end)

BlackMarketExchange:NewButton("Speed Modifier V2", "You can disable the speed Modifier V2 in the bottom left", function()
    
    sethiddenproperty(game.Players.LocalPlayer.Character.Humanoid, "WalkSpeed", 100)
end)

BlackMarketExchange:NewButton("Speed Modifier V3", "You can disable the speed Modifier V3 in the bottom left", function()
    
    sethiddenproperty(game.Players.LocalPlayer.Character.Humanoid, "WalkSpeed", 200)
end)


local BlackMarketExchange = Player:NewSection("Teleport")

BlackMarketExchange:NewButton("Spawm tp", "Teleport to Lvl 1 area", function()

game.Players.LocalPlayer.Character.HumanoidRootPart.CFrame = CFrame.new(37.6306877, 6.86490583, 83.2430801, -0.998829842, -1.96238137e-09, 0.0483630635, -4.05010558e-09, 1, -4.30697469e-08, -0.0483630635, -4.32152234e-08, -0.998829842)
end)

BlackMarketExchange:NewButton("Lvl 4 tp", "Teleport to Lvl 4 area", function()

game.Players.LocalPlayer.Character.HumanoidRootPart.CFrame = CFrame.new(39.0321121, 6.86490583, -386.237762, 0.985113144, 7.26961247e-09, -0.171907067, -2.36168773e-08, 1, -9.30484347e-08, 0.171907067, 9.5723145e-08, 0.985113144)
end)

BlackMarketExchange:NewButton("Lvl 25 tp", "Teleport to Lvl 25 area", function()

game.Players.LocalPlayer.Character.HumanoidRootPart.CFrame = CFrame.new(36.6508141, 6.86490583, -686.726746, 0.982395172, -6.74307046e-08, -0.186814815, 6.76307579e-08, 1, -5.30244115e-09, 0.186814815, -7.42533546e-09, 0.982395172)
end)

BlackMarketExchange:NewButton("Lvl 60 tp", "Teleport to Lvl 60 area", function()

game.Players.LocalPlayer.Character.HumanoidRootPart.CFrame = CFrame.new(37.7709084, 6.86484575, -1029.30762, 0.995032609, 8.38427194e-09, -0.0995497108, -1.20582877e-08, 1, -3.63046517e-08, 0.0995497108, 3.73247104e-08, 0.995032609)
end)

BlackMarketExchange:NewButton("Lvl 100 tp", "Teleport to Lvl 100 area", function()

game.Players.LocalPlayer.Character.HumanoidRootPart.CFrame = CFrame.new(-246.485428, 6.86490488, -1031.25842, 0.999932647, -3.10605905e-08, 0.0116069121, 3.05139736e-08, 1, 4.72712784e-08, -0.0116069121, -4.69139181e-08, 0.999932647)
end)

BlackMarketExchange:NewButton("Lvl 200 tp", "Teleport to Lvl 200 area", function()

game.Players.LocalPlayer.Character.HumanoidRootPart.CFrame = CFrame.new(-158.153214, -21.5418472, 143.371262, 0.169686079, -8.34503808e-08, 0.98549819, 5.2141381e-08, 1, 7.57005125e-08, -0.98549819, 3.85399126e-08, 0.169686079)
end)

BlackMarketExchange:NewButton("Lvl 300 tp", "Teleport to Lvl 300 area", function()

game.Players.LocalPlayer.Character.HumanoidRootPart.CFrame = CFrame.new(-48.1105385, -258.15683, 155.693695, 0.626373529, -8.5968459e-09, 0.779523075, 1.64672539e-10, 1, 1.0896021e-08, -0.779523075, -6.6966126e-09, 0.626373529)
end)
